40    0.21379420000000002
80    0.2196204
120    0.21855682
160    0.21015161999999998
200    0.21207322
240    0.208446
280    0.20177757999999998
320    0.19473356000000003
360    0.18683180000000002
400    0.16813026
440    0.1464591
480    0.16063804
40    0.22740856000000004
80    0.22468137999999996
120    0.21854292000000003
160    0.21583639999999998
200    0.21289244
240    0.2153778
280    0.20373177999999997
320    0.20117596
360    0.18320024
400    0.17959052000000003
440    0.1725716
480    0.17076188000000003
520    0.16674276
560    0.16510814
600    0.16186712
640    0.16181337999999995
680    0.15975084
720    0.15893184
760    0.15946352000000003
800    0.15835706
840    0.15691624
880    0.15345636
920    0.3606699
960    0.42512019999999995
1000    0.4219558
1040    0.40916779999999997
1080    0.3972986
1120    0.37634
1160    0.3851124
1200    0.36854519999999996
1240    0.3574692
1280    0.34292200000000006
1320    0.32843419999999995
1360    0.3031786
1400    0.304682
1440    0.29026399999999997
1480    0.2762814
1520    0.26712199999999997
1560    0.2568762
20    0.24559480000000003
40    0.2777832
60    0.25672120000000004
80    0.2558564
100    0.2591172
120    0.26256280000000004
140    0.2619966
160    0.2610522
180    0.2605596
200    0.25559560000000003
220    0.2590862
240    0.252474
260    0.2544795999999999
280    0.2537156
300    0.2525722
320    0.252237
340    0.250059
360    0.245739
380    0.24673099999999998
400    0.23763499999999999
420    0.23214260000000003
440    0.22928120000000002
460    0.225118
480    0.22518080000000001
500    0.22103900000000004
520    0.22038180000000002
540    0.21878760000000003
560    0.2159878
580    0.21702439999999998
600    0.2171856
620    0.21760359999999998
640    0.2170976
660    0.21692940000000002
680    0.21610899999999997
700    0.2143624
720    0.21458020000000003
740    0.21526900000000002
760    0.21575960000000002
780    0.2156596
800    0.213335
820    0.21345880000000003
840    0.2123564
860    0.212183
880    0.21329479999999998
900    0.2122124
920    0.21058159999999998
940    0.206982
960    0.2097032
980    0.206945
1000    0.20592740000000004
1020    0.20369540000000003
1040    0.20157180000000002
1060    0.1944734
1080    0.19547219999999998
1100    0.1875174
1120    0.19305940000000002
1140    0.18715900000000002
1160    0.1869392
1180    0.17441299999999998
1200    0.1797548
1220    0.17976979999999998
1240    0.17817539999999998
1260    0.171386
1280    0.1677654
1300    0.16404080000000001
1320    0.1621374
1340    0.1598486
1360    0.1517368
1380    0.1508476
1400    0.1425592
1420    0.1470596
1440    0.1433038
1460    0.1402572
1480    0.1341462
1500    0.132964
1520    0.1331786
1540    0.12000104
1560    0.12101500000000001
1580    0.1184626
1600    0.11868680000000001
1620    0.11775580000000001
1640    0.1158434
1660    0.1119424
1680    0.1131214
1700    0.11142480000000002
1720    0.11029180000000001
1740    0.1073478
1760    0.10373000000000002
1780    0.10236400000000001
1800    0.10375319999999999
1820    0.1006084
1840    0.10085706000000001
1860    0.09761434
1880    0.09666214
1900    0.09624452
1920    0.09541261999999999
1940    0.09318062
1960    0.09335090000000001
1980    0.09345064
2000    0.0908736
