20    0.07368146
40    0.07971808
60    0.15633818000000002
80    0.185563
100    0.1822278
120    0.1728732
140    0.1775484
160    0.188224
180    0.1903972
200    0.18197480000000002
220    0.17725439999999998
240    0.180858
260    0.17801740000000002
280    0.18028680000000002
300    0.17109899999999997
320    0.17774099999999998
340    0.17343379999999997
360    0.1701152
380    0.16886
400    0.1699732
420    0.167991
440    0.16681220000000002
460    0.166578
480    0.16730979999999998
20    0.161329
40    0.1773574
60    0.1892936
80    0.1888168
100    0.18924219999999997
120    0.1792936
140    0.1859182
160    0.18778519999999999
180    0.18057499999999999
200    0.1847474
220    0.17671160000000002
240    0.1837086
260    0.18325059999999999
280    0.183504
300    0.18229480000000003
320    0.1810386
340    0.17766900000000002
360    0.1786446
380    0.175651
400    0.1738006
420    0.17360140000000002
440    0.1723322
460    0.17111160000000003
480    0.1677698
500    0.16985080000000002
520    0.16963999999999999
540    0.1706046
560    0.16828500000000002
580    0.16746279999999997
600    0.1690246
620    0.16698580000000002
640    0.1688304
660    0.1694544
680    0.1666384
700    0.167688
720    0.1669028
740    0.1672414
760    0.1666738
780    0.1659594
800    0.1656184
820    0.1644452
840    0.1641458
860    0.16365599999999997
880    0.1614882
900    0.1635306
920    0.1622828
940    0.1580894
960    0.1606522
980    0.1591678
1000    0.158884
1020    0.1574652
1040    0.1552228
1060    0.1545008
1080    0.149673
1100    0.14468
1120    0.1457096
1140    0.14522960000000001
1160    0.1430784
1180    0.13644040000000002
1200    0.1375474
1220    0.13694579999999998
1240    0.137069
1260    0.13439879999999998
1280    0.1322198
1300    0.1288058
1320    0.1283492
1340    0.128212
1360    0.1211652
1380    0.123929
1400    0.124808
1420    0.12148099999999999
1440    0.1203428
1460    0.1186978
1480    0.1173372
1500    0.11749380000000001
1520    0.11699219999999999
1540    0.1160196
1560    0.11478360000000001
1580    0.11364559999999999
1600    0.1134282
1620    0.1125604
1640    0.11241919999999998
1660    0.1118476
1680    0.1115488
1700    0.1107928
1720    0.109837
1740    0.10988760000000002
1760    0.10969599999999999
1780    0.1089668
1800    0.1087626
1820    0.10920860000000002
1840    0.1082282
1860    0.107968
1880    0.1075798
1900    0.10767419999999998
1920    0.106975
1940    0.1074004
1960    0.1068308
1980    0.1065388
2000    0.10739960000000001
